MODELGROUP:VEHICLE_GROUP_SPORT
2316.102783, 1388.418090, 43.128501, 0.635999
2308.690429, 1390.155517, 42.528999, 179.834594
2302.274169, 1389.084228, 42.729000, 179.406692
2295.466308, 1389.168090, 42.717700, 0.314599
2292.449951, 1388.708251, 42.619201, 359.297210
2282.586914, 1390.128784, 42.708801, 178.376098
2306.523681, 1408.839965, 42.534599, 89.054801
2303.968017, 1415.707153, 42.708099, 88.213401
2303.267089, 1433.342407, 42.532699, 90.691596
2303.139404, 1443.985473, 42.532600, 90.691703
2303.693359, 1466.195068, 42.538101, 89.054801
2350.607910, 1468.990356, 42.536998, 270.674102
2350.901123, 1444.561767, 42.496700, 90.691299
2351.463623, 1440.856567, 42.740001, 272.495605
2349.796875, 1429.970214, 42.538898, 89.054801
2350.732421, 1419.106933, 42.594398, 87.853797
2351.106445, 1409.068725, 42.534698, 89.054702
2290.917724, 1418.980102, 37.222999, 89.172302
2262.572753, 1419.395751, 37.241401, 87.764801
2305.782226, 1389.428833, 36.159900, 180.285003
2351.839843, 1433.748535, 34.842601, 89.625701
2325.110839, 1448.044311, 33.442100, 91.425003
2302.570312, 1516.921875, 36.159999, 178.197296
2263.098876, 1447.908569, 26.377500, 83.614402


MODELGROUP:VEHICLE_GROUP_CASUAL
2037.741333, 1471.098876, 10.601200, 178.553405
2038.890136, 1422.937866, 10.450900, 179.344299
2039.079345, 1361.825073, 10.766500, 181.891006
2038.401977, 1062.816894, 10.390500, 1.024999
2038.546386, 1008.377319, 10.390500, 359.924194
2074.768310, 881.293579, 7.036900, 180.941802
2074.894775, 873.612426, 6.876800, 180.940002
2074.520996, 867.347412, 6.720699, 179.465606
2063.458740, 824.400329, 6.144800, 305.267395
2059.288085, 824.388183, 6.132999, 305.242614
2155.012207, 988.221618, 10.431599, 339.584808
2132.790527, 1006.449218, 10.958000, 88.678901


MODELGROUP:VEHICLE_GROUP_SPORT
2087.974365, 1694.432373, 10.300600, 0.081100
2087.983642, 1687.599365, 10.300700, 0.082099
2151.122802, 1678.421508, 10.600399, 356.603210
2175.762451, 1692.845703, 10.503600, 87.902397
2175.807128, 1689.557983, 10.491800, 85.502197
2175.289306, 1686.078613, 10.571399, 87.737701
2175.805908, 1679.306762, 10.591699, 271.159790
2175.901855, 1675.249145, 10.713899, 90.131500
2175.081542, 1667.236816, 10.612999, 93.280197
2175.307861, 1662.143920, 10.538800, 102.719398
2020.690917, 1898.970092, 11.968600, 270.618988
2020.860595, 1902.997192, 11.868000, 271.645904
2020.560913, 1914.635864, 11.985899, 270.976409
2020.560424, 1918.115478, 12.325099, 272.075012
2021.037231, 1925.063232, 11.986499, 268.248992
2020.794433, 1932.198730, 12.020600, 269.807312
2021.194091, 1935.284790, 12.084300, 269.272399
2138.835205, 1409.200805, 10.451600, 357.340209
2126.097167, 1408.835693, 10.452699, 179.315902
2113.440673, 1409.020751, 10.451899, 359.634887
2107.290039, 1408.922241, 10.452699, 182.035797
2100.566162, 1398.157104, 10.452400, 4.427400
2113.512939, 1397.983032, 10.452099, 6.834599
2116.482421, 1398.183715, 10.452300, 358.970703
2126.433593, 1399.402587, 10.491100, 181.166793
2132.721679, 1396.977294, 10.450200, 2.453900
2148.726318, 1398.434570, 10.444399, 175.949905


MODELGROUP:VEHICLE_GROUP_CASUAL
2185.609863, 1974.880493, 10.451499, 94.416702
2171.876220, 1976.756225, 10.451600, 89.711303
2171.343994, 1973.508911, 10.452300, 276.214202
2186.642089, 1979.057861, 10.452400, 267.629302
2184.325195, 1983.155517, 10.451700, 85.925498
2185.522460, 1987.671386, 10.452099, 90.428001
2173.600830, 1985.287353, 10.451999, 270.655395
2172.452148, 1988.746215, 10.452799, 89.108497
2185.034912, 1996.303833, 10.451600, 91.564201
2171.875976, 2000.334960, 10.452400, 88.553596
2186.148437, 2004.082153, 10.452400, 267.251403
2801.582031, 1186.866455, 14.194100, 359.287414
2764.936523, 1141.095947, 10.449399, 359.742706
2768.104248, 1138.303222, 10.840999, 1.768399
2773.586425, 1133.456665, 11.046799, 356.681091
2770.910156, 1135.191284, 10.392600, 357.856506
2774.396240, 1142.963378, 10.859000, 43.695899
2094.759765, 1165.843505, 11.225899, 60.861099
2094.241455, 1164.913818, 11.225899, 60.861099
2096.250976, 1286.457519, 11.049400, 359.673400
3244.448486, 2672.375000, 29.780300, 0.101199


2269.036621, 2460.231689, 8.267399, 181.933807, 598
2278.032714, 2459.183105, 8.949500, 1.666800, 490
2255.830078, 2443.100585, 8.247500, 179.745895, 490
2239.731689, 2456.629394, 1.403599, 88.475700, 490
2276.678955, 2473.770507, 1.020099, 184.748901, 598
2315.321289, 2464.790283, 1.021900, 270.093688, 598
2297.498046, 2464.588134, 1.000000, 88.555999, 523
2314.215820, 2484.897949, 3.399399, 92.884902, 490
2240.092285, 2436.712402, 3.401700, 91.853202, 490
2299.477050, 2451.751220, 3.019900, 270.333099, 598
1590.546997, 1849.989990, 10.968999, 359.859893, 416
1769.617675, 2075.194091, 11.056699, 179.568298, 544
1750.658447, 2077.113037, 11.055800, 180.044006, 544
1763.485229, 2076.707519, 11.052499, 179.671997, 544
1757.078247, 2075.039794, 11.056799, 177.555801, 544
1328.619628, 1612.250000, 11.743700, 270.000091, 519
1352.110229, 1779.000000, 11.288000, 270.000000, 593
1352.111572, 1801.500000, 11.286299, 269.999908, 593
1676.433471, 1322.159179, 10.331999, 87.718902, 522
1286.872436, 1449.625000, 10.872200, 270.000000, 417
1571.438476, 1487.751342, 12.168499, 311.157714, 553
1597.410888, 1342.693481, 12.186499, 344.844909, 553
1655.057617, 1554.564941, 10.987899, 64.421096, 487
1397.568969, 1770.047485, 10.997099, 269.305999, 487
1618.414306, 1357.542846, 10.989299, 169.455505, 487
1358.118896, 1253.543579, 10.828499, 358.578796, 469
1341.588623, 1729.456420, 10.886400, 91.642799, 609
1303.797119, 1360.934814, 11.740500, 267.790710, 519
1341.303100, 1682.643188, 12.196700, 268.587005, 511
1326.161132, 1420.433349, 11.102999, 178.144104, 512
1280.128051, 1411.803222, 11.365300, 223.443206, 513
1573.480102, 1654.405761, 11.842200, 91.497596, 515
1554.533813, 1669.478393, 11.454199, 180.000000, 435
1581.974243, 1664.066528, 11.452599, 180.000000, 435
1309.784790, 1279.573486, 10.554400, 359.268096, 404
1682.576904, 1316.656127, 10.547400, 358.399414, 411
1663.402587, 1297.132080, 10.587699, 359.486694, 436
1642.003540, 1293.233154, 10.715600, 268.661499, 439
1713.811767, 1319.255859, 10.416500, 268.422210, 462
1695.432983, 1306.184326, 10.585300, 179.389099, 474
1682.453247, 1286.905761, 10.594499, 179.203994, 480
1717.647949, 1479.141723, 10.744000, 163.723403, 438
1707.253662, 1415.724975, 10.564000, 189.801605, 438
1719.106201, 1381.204223, 10.625599, 197.749694, 437
1537.652832, 1211.179443, 10.470100, 0.890799, 485
1340.505493, 1495.639648, 12.016900, 270.777008, 592
1353.343017, 1642.027099, 10.482500, 175.000106, 485
1325.315795, 1278.718994, 10.803700, 180.693603, 422
1282.698120, 1304.375366, 10.964699, 82.884002, 505
1282.089111, 1477.378051, 11.057700, 244.141601, 407
1312.903808, 1580.936523, 11.056200, 272.974609, 407



MODELGROUP:VEHICLE_GROUP_CASUAL
1944.060180, 1346.048583, 8.909299, 180.259796
1944.372436, 1335.769287, 8.909399, 178.763504
2039.644287, 1008.337219, 10.471699, 178.775604
2108.151367, 1440.662353, 10.620300, 268.155700
2176.346679, 1676.173828, 10.620300, 179.926498
2035.109863, 1917.645385, 11.976200, 180.578094
2075.496337, 1490.658935, 10.397299, 0.920700
2039.720703, 1335.422729, 10.450400, 178.921493
2159.978271, 1687.942749, 10.533100, 15.706999
2217.604003, 1838.133056, 10.597999, 180.327194
2040.198974, 1344.926757, 10.449199, 178.602706
2039.925659, 1019.872802, 10.330800, 179.779006
1881.786743, 964.042419, 10.479700, 89.316497
1881.530273, 991.934875, 10.478899, 88.559402
1881.826293, 1035.103149, 10.478799, 90.564201
1882.039306, 1054.415893, 10.479800, 90.389198
1665.918212, 900.604919, 10.617899, 154.146804
1655.638793, 999.327819, 10.634300, 1.639400
1677.366455, 988.137573, 10.602100, 359.739105
1889.276489, 1934.040527, 13.511899, 180.061599
2791.836425, 1997.444091, 10.807900, 358.216705
2812.985351, 2026.320190, 10.586999, 181.286102
2822.080078, 2169.389160, 10.597499, 270.859710
2582.845947, 2271.907470, 10.652600, 89.793800
2764.578613, 1281.699096, 10.481900, 91.099296
2782.195556, 1295.482788, 10.625000, 179.464401
2624.372558, 1104.119018, 10.804499, 269.391601
2437.982421, 2060.077392, 10.360500, 321.524993, 463
2439.459228, 2059.376220, 10.357299, 317.082702, 463
2436.281250, 2060.594970, 10.359700, 324.464691, 463
2444.274169, 1990.935424, 10.529399, 359.269897
2458.234619, 1992.214111, 10.504300, 180.647094
2170.921875, 1981.681762, 10.880900, 90.091697
2231.912841, 1277.385131, 10.574500, 1.202200
2182.837646, 1287.875244, 10.470800, 180.370193
2171.943359, 1118.787963, 12.394200, 333.485900
2141.761474, 1022.691894, 10.500000, 90.934799
2150.956298, 987.421569, 10.586500, 180.870300
2133.008300, 1006.849426, 10.715999, 89.004798
2163.031982, 1006.487182, 10.698800, 270.545806
2132.726562, 899.152770, 10.404600, 270.779296
2132.746337, 906.012207, 10.419599, 268.038909
2475.021728, 992.278076, 10.360199, 206.117797
2197.837402, 936.021606, 10.582900, 185.277206
2485.137939, 936.208496, 10.662400, 0.106200
2460.379638, 918.719177, 10.535499, 90.461097
2455.451904, 1275.557128, 10.584300, 270.074493
2389.218994, 1658.274169, 10.445300, 358.775787
2039.576660, 1560.160766, 10.377300, 179.595199
2075.720703, 1482.413940, 10.482899, 359.422912
2353.114990, 1405.479980, 10.414799, 272.089202
2352.664550, 1436.970336, 10.549599, 269.346588
2300.359863, 1466.036376, 10.446200, 90.123703
2300.875488, 1458.643920, 10.477800, 90.377700
2292.503417, 1454.767822, 13.815500, 270.644409
2285.865966, 1518.008911, 16.927799, 0.234799
2351.958984, 1487.674316, 17.785100, 268.552001
2322.588867, 1423.011474, 22.198400, 89.600097
2352.291015, 1472.854492, 32.077899, 268.459014
2332.329833, 1387.906127, 36.538700, 179.047302
2293.124511, 1455.221557, 39.511199, 270.095092
2631.055908, 1845.861694, 10.416399, 264.500885
2632.013671, 1858.265625, 10.698900, 270.976501
2602.612792, 1846.643676, 10.572899, 90.521202
2631.225341, 1794.812011, 10.616600, 270.036590
2600.081298, 1691.246459, 10.410799, 89.178398
2631.799804, 1681.165771, 10.478400, 271.200988
2214.744140, 1512.283569, 10.651900, 269.681488
2038.777465, 1588.840698, 10.325799, 179.604003
1742.219116, 1906.167968, 10.913599, 90.207496
1731.271484, 1974.957763, 10.599399, 273.041595
1736.949951, 1878.427978, 10.918299, 269.901489
1702.704711, 1804.376586, 10.500000, 359.971191
1602.392456, 1839.945434, 10.702799, 178.476196
1471.504882, 1928.615234, 11.110400, 91.643699
1450.193115, 2017.988403, 10.903800, 90.872596
1453.997680, 1957.776123, 10.963000, 179.062805
1368.728881, 2020.818237, 11.211700, 88.961402
1117.378540, 2112.537353, 10.809399, 0.421600
1049.336669, 2135.978759, 10.891599, 87.962402
980.703918, 2060.157714, 10.585599, 159.655303
1023.168212, 2019.790405, 10.984000, 272.450012
991.667480, 1886.870849, 11.329000, 270.609191
984.550720, 1719.906250, 8.285300, 270.434295
949.391174, 1662.119750, 8.415900, 269.588592
1113.066894, 1726.988037, 10.445099, 179.998901
1024.197021, 1724.465209, 10.391099, 93.460502
1041.715820, 1357.135742, 10.524600, 85.361000
1042.731079, 1346.471679, 10.923000, 81.140800
979.992309, 1080.050292, 10.529299, 91.265800
979.703491, 1104.727294, 10.944800, 90.761497
1425.667480, 1039.293579, 10.432700, 90.185401
1451.787719, 976.068725, 10.498700, 0.386900
2004.406738, 735.305603, 11.029600, 180.857406
2168.898925, 695.734191, 11.458299, 182.709106
2362.062744, 731.070129, 11.094499, 0.172700
2362.401123, 648.392578, 11.205800, 358.535797
2358.076904, 519.057617, 1.760200, 270.663787
2292.900634, 518.994079, -0.212699, 269.657897
2086.235351, 658.954284, 10.891699, 180.341003
1916.423461, 698.415222, 10.536899, 359.592498
1852.883544, 698.927612, 11.008899, 92.271896
1413.799804, 772.042785, 10.392000, 92.689903
1484.051635, 787.600830, 10.529399, 359.402191
1535.047241, 787.386108, 10.631400, 0.838999
1645.152099, 740.436523, 11.444600, 357.896392
1628.127319, 571.807128, 0.158700, 269.326293
1544.692871, 2132.233398, 11.151399, 269.096893
1613.601074, 2207.052734, 10.591899, 271.973602
1519.201171, 2291.011230, 10.633099, 0.959999
1340.871948, 2246.338623, 10.621500, 92.040901
1431.454345, 2237.343994, 10.623000, 267.766906
1508.790893, 2091.138671, 10.695300, 271.213195
1068.460815, 2185.299560, 16.615100, 91.113502
1126.560668, 2323.671142, 16.461500, 90.084999
1135.462158, 2253.049560, 16.601200, 270.144012
1115.499877, 2310.409179, 10.637100, 267.734405
990.285888, 2307.304687, 11.129400, 89.958503
1108.119750, 1903.844482, 10.912500, 269.194488
1059.680053, 1916.688110, 11.427200, 0.603799
2039.086425, 1160.654296, 10.503299, 179.514602
1844.428588, 1209.737915, 10.559599, 91.195503
1843.698120, 1255.360107, 10.390199, 89.638198
1866.851806, 1179.215332, 10.734800, 0.170699
1552.690551, 1025.626708, 10.535599, 267.406402
1332.600585, 1159.043701, 10.628999, 270.014801
1281.113403, 2545.587646, 10.631500, 90.407402
1433.654052, 2608.739501, 10.677200, 89.262702
1374.024902, 2644.289306, 11.195599, 179.446701
1352.356079, 2647.123046, 10.944299, 180.432800
1319.560791, 2697.662841, 10.526800, 0.702700
1296.465332, 2646.847167, 10.953599, 1.186900
1464.452026, 2773.077148, 10.376399, 181.178100
1475.370971, 2839.551757, 10.644399, 181.034606
1455.950317, 2878.836181, 10.444899, 0.136800
1529.575561, 2867.650146, 10.631400, 268.044311
1529.630126, 2835.737548, 10.640899, 269.923400
1422.797241, 2830.829101, 10.447199, 91.412597
1369.023681, 2784.158935, 10.446999, 94.373100
1423.065063, 2835.139892, 10.447099, 92.888397
1420.300781, 2802.637451, 10.400199, 179.910797
1618.577636, 2834.736083, 10.634300, 359.582092
1737.612426, 2780.035644, 10.645400, 100.843803
1673.044067, 2696.733398, 10.764599, 2.855000
1927.439331, 2729.984130, 10.392399, 182.576797
1998.121337, 2758.488525, 10.482199, 0.379400
2260.118408, 2737.893066, 10.563799, 271.140686
2311.960937, 2763.321533, 10.887999, 272.104400
2143.114257, 2807.177734, 10.576499, 92.502197
2167.246337, 2750.698730, 10.594799, 271.078491
2349.052734, 2578.484863, 10.613499, 0.165600
2363.066894, 2531.973632, 10.417300, 267.678985
2417.866210, 2529.008544, 10.444999, 178.985504
2455.140136, 2531.605957, 21.645799, 179.447204
2530.625244, 2535.952392, 21.967899, 268.574890
2506.200195, 2515.666259, 21.641099, 88.968498
2537.902343, 2397.252929, 3.890599, 0.515799
2511.098388, 2394.394042, 10.582799, 269.365997
2501.100585, 2131.041015, 10.498700, 269.445312
2589.019775, 2166.314208, 10.483900, 1.150200
2620.097900, 2086.911376, 10.528100, 180.650405
2567.616699, 2059.194824, 10.584600, 0.875800
2075.646240, 1312.313598, 10.296600, 359.428710
2183.697021, 1878.711425, 10.544799, 359.991790
2192.240966, 1856.690185, 10.620900, 181.334793
2203.436279, 1787.941162, 10.503399, 179.694702
2181.531005, 1821.720458, 10.445099, 0.619300
2129.184814, 1810.271972, 10.380999, 332.941009
2118.662109, 1892.077026, 10.376299, 181.266799
2118.623291, 1910.194824, 10.768799, 180.423797
2102.421386, 2066.005371, 10.536600, 270.854705
2103.548339, 2089.032226, 10.574099, 269.295410
2028.684814, 2155.972412, 10.624799, 264.312591
1995.411621, 2185.783691, 10.381299, 183.389099
2010.596313, 2137.159423, 11.196900, 270.061004
2005.933715, 2059.600830, 10.994099, 181.828704
2060.339355, 2237.012695, 10.544699, 89.348197
2077.078369, 2226.716552, 10.414199, 3.170099
2107.736083, 2206.797851, 10.823800, 178.261505
2094.552978, 2206.632568, 10.590399, 178.851699
2156.278808, 2188.876708, 10.351599, 358.428100
2339.132324, 2114.056152, 10.451199, 177.157592
2361.332031, 2170.061767, 10.525099, 359.309387
2380.352294, 2018.264526, 10.340299, 272.190612
2338.759033, 1943.952514, 10.410200, 182.173995
2221.347900, 1944.529296, 9.795100, 87.255401
2272.502929, 1953.104125, 9.489899, 179.029205
2244.724609, 1997.919433, 15.428199, 0.847500
2222.479736, 1936.187866, 25.924100, 88.721000
2294.626220, 1952.243530, 26.025100, 268.425811
2246.806152, 1939.515258, 31.546300, 179.669601
2283.646972, 1975.238037, 28.401100, 180.968200
2217.031982, 2048.480224, 10.945599, 89.909500
2296.607421, 2046.145385, 10.616900, 271.516693
2259.054443, 2065.490478, 10.387299, 2.142999
2272.603271, 2326.243408, 10.527199, 88.597297
2464.208251, 2236.970458, 10.550700, 88.652496
2242.502441, 2231.374755, 10.901000, 270.885986
2007.507080, 2263.209228, 17.607400, 2.405200
2014.793823, 2244.958007, 23.484800, 269.401214
1907.263305, 2290.840576, 11.000000, 180.490402
1705.033447, 2242.983642, 10.594099, 179.640899
1691.177368, 2131.142578, 11.079999, 91.232498
1842.618774, 2090.455566, 10.890700, 176.306503
1908.181884, 2078.656982, 10.569499, 270.352905
1912.829467, 2158.573730, 10.616499, 271.831512
1963.459960, 2171.020751, 10.691300, 257.135314
1993.247558, 2058.352050, 10.536700, 357.201904
2075.963134, 1677.724975, 10.435099, 0.184900
2452.309326, 1357.830444, 10.913399, 359.769409
2447.572998, 1327.113525, 10.590800, 179.645599
2612.054199, 1429.533569, 10.913999, 183.779006
2488.516113, 1534.176147, 10.524000, 231.453796
2481.387695, 1544.038574, 10.512299, 202.967697
2498.419433, 1676.301879, 10.552399, 1.352100
2463.021972, 1676.726684, 10.583100, 359.312896
2788.651855, 2431.322021, 10.491200, 314.894287
2815.146484, 2406.841796, 10.654100, 315.833496
2833.459228, 2309.875000, 10.524700, 179.743698
2891.355957, 2379.125244, 10.623000, 270.946594
2093.375488, 2415.158203, 74.767799, 94.318000, 10
2095.864501, 2410.819091, 45.050300, 267.761413
2104.448974, 2396.052490, 40.634101, 271.388000
2095.843750, 2398.741699, 27.889799, 268.898895
2086.578369, 2416.639404, 23.423099, 90.822097
2103.982910, 2419.371337, 14.897800, 270.812896
2065.853515, 2479.761230, 10.698900, 359.730499
2130.840332, 2514.213378, 10.913999, 193.668197
1900.461791, 2437.422851, 10.473999, 92.516502
1730.600952, 2336.270263, 11.368499, 2.634599
2707.185058, 822.165771, 10.717900, 2.550699
2707.000976, 908.633605, 10.897999, 176.352493
2697.664550, 885.691101, 10.311300, 271.488006
2701.640869, 828.374023, 10.175800, 359.836914
2635.240722, 848.007202, 6.798600, 311.171997
2630.124023, 851.053222, 6.972499, 315.847808
2687.155273, 909.947509, 10.491200, 199.437606
2683.346923, 908.788818, 10.456700, 197.738601
2685.813720, 864.354187, 10.358799, 358.581787
2705.906494, 788.852416, 10.603699, 359.239898
2873.228271, 913.362182, 11.767600, 85.795196
2855.420654, 896.032409, 11.171600, 359.754791
2818.083496, 897.670410, 11.301199, 359.228485
2827.546630, 897.556030, 11.294300, 0.941399
2884.703369, 941.767395, 10.516099, 90.436698
2833.149169, 996.521118, 10.514399, 173.681594
2805.153320, 968.824279, 10.870800, 178.907897
2817.451171, 941.457214, 10.455599, 0.988300
2840.352539, 994.477783, 11.374300, 176.826202
